80044
80049
80586
80671
80719
80940
80984
81303
81751
81825
82032
82404
83193
83289
83319
83434
83535
83616
83692
84110
84833
84876
85030
85176
85312
85778
85930
86053
86156
86261
86711
86909
86966
87067
87158
87180
87189
87193
87258
87432
87474
87557
87650
87733
87894
87939
88252
88791
89424
89873
90483
90754
90845
90984
91056
91152
91174
91331
91460
91521
91546
91753
91865
92135
92410
92412
92500
92627
92629
92696
92727
93160
93274
93328
93348
93822
93856
93998
94666
94696
95408
95693
95756
95904
95956
96131
96663
96727
96758
96949
97323
97332
97444
97483
97489
97792
98074
98141
98162
98217