13576
14744
12945
15580
11645
17142
10226
10504
15761
13898
14062
13702
19357
12181
12541
12953
14273
15669
14594
17428
14776
11338
15750
14543
11810
17499
18257
19445
10216
15599
14560
13780
12462
12231
15415
12937
16293
14252
16424
13308
17514
15425
13478
13405
17127
17363
15948
19066
18374
16028
19301
18697
13669
12431
14918
18278
13744
11609
12749
17629
17577
11801
17478
13283
17344
16857
19762
12210
12985
13350
11905
10226
14387
14741
11602
14396
10194
15971
11171
18442
19667
14614
13208
10397
12317
19063
19534
10031
12924
19454
10283
18861
12406
15363
15699
14375
12388
13931
15293
14907
14299
12943
18731
13637
15927
15059
16980
18066
15103
19448
13158
10219
13448
19145
17781
10981
10162
15496
13894
18579
16200
14293
13503
17437
17179
11011
17706
13943
17029
17064
14786
19014
15049
16979
15502
10389
17997
18886
13295
11151
14452
14656
19951
19523
18098
13906
12380
19841
17265
11638
14509
12276
19371
13019
18221
11601
17709
13462
10705
15364
17586
14376
12985
12105
17027
14261
19280
15531
17378
15351
15883
10733
11483
15411
16799
17293
13519
16344
15516
18602
11797
12818
17667
13307
10949
19935
17776
12309
18773
12156
19049
17534
18537
19361
17277
16070
11147
14331
10640
15332
14860
13121
16889
14678
12196
17370
19842
16727
17886
17957
13950
10027
13014
14551
11356
19874
12683
18607
11657
10337
11827
13576
18990
11989
18868
16461
19248
17858
15357
13164
18943
14733
17384
18037
15764
16984
15224
15092
18006
12754
19292
16998
18836
12824
14075
10270
19338
11013
18576
19024
13918
14809
13629
16991
14234
19322
17827
11371
18273
11381
14795
12625
18934
14010
14514
18938
16231
19284
12370
14667
10478
13625
13065
19443
11880
11584
18337
15547
17915
17331
16896
17956
18289
15869
15777
13680
11578
14911
15956
19318
10835
13666
17069
13596
12124
18449
13386
18143
11981
13574
15807
13765
17516
16656
19370
11119
12638
10838
12191
13363
10107
16188
12774
11701
11424
10902
17749
15499
16709
19593
16651
18960
13877
13884
16719
19512
18295
11549
17541
14096
19591
12633
17187
14128
17740
13470
11206
14904
13897
18448
18648
11469
12009
15830
13698
14341
11120
11948
11251
18797
19061
15233
17492
12456
19424
18706
19904
18227
17292
10299
15916
16713
18000
14882
18946
15847
12962
16459
18155
15932
17572
15466
12122
15452
13776
10054
16672
18021
15847
11253
17269
12320
16021
10440
11942
17974
14303
14444
11031
14634
11739
12021
10101
12950
17965
13479
19553
16299
19017
13815
10386
12039
14034
11376
15969
17469
11994
16075
19898
19698
10703
19406
11705
11765
17095
17908
16866
17749
12116
17571
19299
12672
19718
15747
10843
13571
19659
17180
12463
14460
19639
10812
14723
10071
17234
18696
19287
11568
10631
11420
18089
12925
17796
15739
13673
17763
15238
14824
16130
17053
15678
18323
10182
11295
11839
15736
17785
18614
11340
12273
13135
14699
10615
17490
17791
19191
19394
18369
16420
10782
12972
14681
13253
18630
12148
11849
12366
13844
11766
16643
15663
12017
15041
18579
17924
16008
12789
11786
14766
13165
17424
12395
19106
14300
17511
16417
12477
11669
16443
14327
12351
11733
10627
15965
12650
13790
13222
11985
12740
11603
19519
10177
13021
14456
13216
16747
10728
19458
12706
17971
12424
17150
14220
16707
12687
15444
19973
15395
16798
11355
10122
17092
15371
17604
13524
18558
16891
15851
13834
15046
17744
13849
12953
12088
10125
16820
18971
13374
14824
18297
10421
13591
10223
15305
11148
16871
18853
14245
10840
17220
19518
19082
18499
19926
19668
13783
11015
15405
13038
18908
13426
15194
19429
11142
14176
17385
12459
12491
13977
10493
14004
12006
18853
16240
17015
17852
16624
14275
11626
19695
13553
15859
10411
11418
10433
16412
13928
15732
17047
15939
14049
14793
17043
11414
13120
18597
17264
14059
18848
17068
10227
11554
11895
16785
10789
10487
13692
13849
15103
19260
13867
14341
18235
16540
11881
11127
18031
16311
19241
16138
15208
19019
15874
10030
12155
16974
12888
18603
12168
18631
19525
13645
17143
15354
14015
12803
16224
19884
14224
13033
17781
12006
13915
10789
18612
10070
18231
16495
16945
18865
16156
10205
13237
11585
13822
12568
15347
16368
18127
16665
13664
19824
12174
10900
15221
11639
15487
19220
15355
14680
10812
19803
18523
10419
13823
11944
10209
12023
10168
14691
16084
13834
13895
18097
10401
19939
14909
14319
18006
17012
13535
18928
14939
17351
14223
10630
15456
11868
16528
18242
19205
10439
11707
13934
17394
14643
19458
11861
13839
17100
10013
17815
17454
13995
16692
11172
19291
15565
10233
19074
13081
14674
11457
18934
12917
15141
17548
10106
19869
15900
12664
16466
11749
11655
12675
15401
17100
14416
16332
16788
16254
12154
15909
18262
19692
11839
14527
15000
10018
13900
10055
19136
15215
14372
19343
12270
18759
16773
16174
10002
19247
17195
14097
14596
15851
19893
12605
14396
18188
16987
11476
17988
14790
11441
10311
10103
10793
13359
11974
14665
16408
13696
14726
14781
17620
12891
10855
14819
12616
11499